400 400
abbbaaaaaaaaabbbbaabaaaaabaaabbababaaaaaaabbbbbabbbababbabaabbaaaabbabbabbbaaaaaabbaaaabbaabbbbabaaaaabbababbaababaabbabbbaaabababaaabbaaabbbaaaaabbbbbbbbabaaaaabbabbbabaabbaaabaabbabaabaaaaaaabbbabbaababbbabbabbbaabaababbaabbaabbaaaabbaababaabbbbbaabbababbbbbbbabbabbbaabbaababbbaaaabaaaabbabbaabbbbaababaaabaaababbaaabbbbabbaababaaaabbaabbaabaaaaaaabbbbbaaaaabababbbabaaabbabaaaaaabbabaaabbbaaaaaaa
1 266 a
1 358 a
1 297 b
3 9 388
1 13 a
3 40 270
3 208 372
4 78 331 69
4 261 270 7
2 391
4 236 389 8
2 391
2 166
1 309 a
1 208 b
1 400 b
1 151 a
1 347 b
1 22 a
1 136 b
2 375
1 342 a
1 309 a
3 285 303
2 3
1 101 a
1 37 a
1 325 b
4 158 400 2
1 234 a
3 207 313
1 63 b
1 142 a
1 220 b
1 93 a
1 179 a
4 39 341 69
4 17 363 33
4 76 103 108
3 42 248
3 69 83
3 70 92
1 299 b
2 92
3 165 305
4 298 387 28
2 102
1 72 a
1 251 b
1 15 b
2 352
3 178 210
3 253 306
2 82
1 172 b
4 102 355 4
1 160 a
1 343 a
2 106
4 168 266 98
1 177 b
1 340 b
2 174
1 190 b
3 71 101
1 244 b
1 277 a
3 105 362
1 381 a
1 103 b
1 288 a
1 135 b
1 379 b
1 132 a
2 252
1 370 b
1 219 a
3 181 237
2 314
1 299 a
2 204
1 347 a
1 14 b
3 49 180
1 202 b
1 243 b
1 84 a
2 307
2 11
2 241
1 242 a
2 257
4 66 380 2
2 232
1 340 b
1 167 b
2 72
2 235
1 114 b
1 321 a
4 279 328 16
1 330 a
4 12 75 267
2 262
1 221 b
1 261 b
1 0 a
3 224 356
1 311 b
1 111 b
1 248 b
3 84 156
1 295 b
1 138 b
2 39
1 53 a
1 146 b
1 440 b
2 215
1 138 b
2 354
1 19 a
1 74 a
1 182 a
1 123 a
1 417 a
1 154 a
2 333
1 304 a
1 439 b
4 33 288 62
1 445 a
4 232 261 112
4 94 370 65
2 140
1 9 b
1 173 b
4 5 184 110
1 315 b
4 10 244 194
1 99 b
1 231 a
1 359 a
1 366 b
1 449 a
1 275 a
1 380 a
1 143 a
1 232 b
4 430 434 2
4 156 168 87
4 59 405 13
1 319 a
1 166 a
2 241
1 342 a
3 237 247
3 27 91
1 413 a
1 229 a
2 231
3 80 259
1 170 a
1 19 b
4 253 355 78
1 252 a
1 373 b
1 362 a
1 409 a
1 29 b
2 11
4 259 443 19
1 36 a
1 391 b
1 220 a
1 369 a
1 181 a
1 390 b
3 177 248
1 437 b
4 13 335 69
1 173 b
2 406
2 112
3 98 305
1 345 a
1 176 b
1 388 b
4 17 50 5
1 25 b
1 176 a
4 126 166 54
1 227 b
4 71 431 29
1 254 a
2 174
4 191 243 32
1 445 b
1 241 a
1 336 b
1 451 a
3 171 230
1 88 a
4 283 303 118
1 211 a
1 265 a
1 58 a
1 394 b
1 195 b
2 240
1 334 a
3 150 388
1 235 b
1 267 a
3 88 371
2 407
3 149 203
1 98 a
1 60 b
2 104
1 77 b
3 233 309
1 3 b
4 379 440 46
2 336
2 268
1 374 b
4 20 226 35
1 213 b
1 431 b
4 353 457 17
1 9 b
1 375 b
3 112 186
1 257 b
1 280 a
1 283 b
4 154 166 236
1 352 a
2 194
2 492
3 281 284
4 198 494 3
1 402 b
3 23 228
4 16 106 132
1 159 b
3 473 497
4 4 453 10
1 101 a
2 438
4 70 382 77
4 268 499 1
1 496 a
3 123 247
1 6 b
4 330 491 3
1 306 a
4 109 379 15
2 125
1 86 b
2 430
4 200 503 1
2 98
1 140 a
1 309 a
1 487 a
2 483
1 234 b
1 362 a
1 219 a
4 133 507 1
4 75 289 83
3 205 287
2 20
3 15 277
1 306 b
4 47 277 80
1 11 a
2 127
1 94 b
3 417 497
1 244 a
3 103 113
1 238 b
1 320 b
3 169 323
2 233
1 134 a
3 210 242
3 108 504
2 423
1 43 a
1 186 b
3 20 22
4 407 469 41
3 203 282
1 190 a
4 64 511 2
1 322 b
1 219 b
1 250 b
1 214 a
4 201 458 28
1 368 b
3 274 454
1 463 b
2 184
2 394
1 38 a
3 40 470
1 457 b
1 210 a
4 114 354 165
1 173 b
1 176 a
1 509 a
1 312 b
1 220 b
4 90 454 30
1 441 a
1 113 b
1 193 a
1 182 a
2 303
2 461
4 178 490 27
2 300
4 444 446 34
2 339
1 330 a
1 244 b
1 89 b
1 455 a
4 99 139 165
4 55 323 192
3 150 401
1 27 a
3 146 163
1 194 b
1 471 a
1 291 a
4 80 299 6
1 359 a
1 131 a
3 352 391
3 135 489
3 161 252
2 379
3 11 13
3 152 193
1 183 b
4 57 465 48
1 418 b
2 266
1 276 a
3 448 512
1 338 a
1 507 b
1 327 a
1 143 b
1 494 b
4 69 345 25
2 387
2 482
1 229 b
3 92 517
1 533 b
1 468 a
1 111 b
2 483
4 126 370 134
2 84
2 473
3 213 346
2 139
1 500 b
2 389
1 220 a
1 32 b
3 50 91
3 130 530
1 134 b
3 55 267
1 54 b
1 538 b
1 93 a
1 322 a
3 164 415
1 465 b
1 415 a
1 480 a
4 74 194 136
3 161 461
1 536 a
1 120 b
1 375 b
4 123 156 119
1 13 b
3 249 279
