39 300
6 2 3 4 5 6 7 
3 8 9 10 
2 11 12 
1 13 
1 14 
0 
0 
0 
3 15 16 17 
2 18 19 
0 
2 20 21 
3 22 23 24 
3 25 26 27 
2 28 29 
3 30 31 32 
0 
1 33 
3 34 35 36 
3 37 38 39 
0 
0 
0 
0 
0 
0 
0 
0 
0 
0 
0 
0 
0 
0 
0 
0 
0 
0 
0 
0
4 0 5 0 1 
3 5 1 5 
0
0
3 0 0 0 
4 5 3 2 3 
0
0
4 0 0 3 2 
4 5 5 4 1 
0
0
1 0 
4 0 4 0 2 
0
2
1 4 
1
3 0 5 2 
0
4 0 5 1 1 
4 5 0 2 5 
0
0
4 0 2 4 3 
3 2 4 0 
0
1
2 3 3 
0
2 0 5 
4 5 5 2 2 
0
0
3 0 0 4 
1 0 
0
1
3 1 4 2 
0
4 0 0 5 5 
3 0 1 4 
0
1
2 1 0 
0
4 0 3 0 1 
2 4 2 
0
0
3 0 3 0 
3 1 5 4 
0
0
3 0 2 3 
1 4 
0
1
3 2 5 3 
0
4 0 1 4 1 
4 5 1 5 5 
0
1
2 2 1 
1
4 3 3 4 1 
2
3 1 4 1 
0
1 0 
4 0 4 2 4 
0
0
3 0 4 4 
3 1 5 5 
0
1
3 0 5 2 
0
3 0 5 0 
3 4 0 2 
0
0
1 0 
4 1 0 1 3 
0
2
3 4 3 4 
0
4 0 2 5 4 
1 4 
0
0
1 0 
2 4 4 
0
0
3 0 4 3 
2 4 5 
0
2
3 4 1 3 
0
1 0 
4 0 1 4 3 
0
0
2 0 3 
2 2 3 
0
0
3 0 4 1 
3 5 5 5 
0
1
3 0 2 5 
0
4 0 4 1 2 
4 5 0 1 1 
0
0
4 0 3 1 2 
4 2 1 0 5 
0
0
2 0 4 
1 1 
0
0
1 0 
3 1 3 4 
0
2
1 3 
0
1 0 
1 1 
0
2
3 2 3 3 
0
4 0 5 1 5 
1 0 
0
0
2 0 3 
4 2 2 0 0 
0
1
3 4 0 4 
2
2 1 0 
1
4 3 4 0 2 
0
3 0 5 5 
3 2 2 5 
0
0
2 0 0 
2 0 1 
0
1
4 2 0 2 2 
1
3 2 2 0 
0
1 0 
2 0 0 
0
0
2 0 5 
2 1 0 
0
0
1 0 
4 5 3 5 5 
0
0
3 0 3 4 
2 5 4 
0
0
1 0 
3 4 3 2 
0
2
4 4 3 5 5 
0
4 0 5 3 2 
2 5 4 
0
0
2 0 5 
3 2 5 4 
0
2
1 2 
2
4 0 4 0 1 
0
2 0 2 
1 0 
0
0
1 0 
1 2 
0
0
1 0 
1 0 
0
1
2 2 1 
2
1 4 
0
1 0 
3 5 0 3 
0
1
2 4 1 
0
4 0 5 2 3 
2 4 3 
0
0
1 0 
4 3 5 4 2 
0
0
2 0 4 
3 4 0 5 
0
0
4 0 3 0 2 
3 5 5 1 
0
0
4 0 0 3 2 
3 5 2 4 
0
1
3 5 1 0 
2
2 2 5 
0
2 0 2 
4 3 5 4 2 
0
1
4 4 2 3 4 
1
1 4 
1
2 0 2 
1
3 5 3 2 
1
2 5 3 
0
2 0 5 
1 2 
0
0
1 0 
2 0 5 
0
0
3 0 2 3 
3 0 4 4 
0
0
3 0 4 5 
3 1 3 0 
0
0
3 0 4 4 
4 5 1 5 0 
0
2
2 1 2 
0
3 0 4 2 
3 0 2 0 
0
0
3 0 3 3 
4 2 0 0 3 
0
0
1 0 
1 0 
0
0
2 0 0 
2 2 5 
0
2
4 2 5 3 3 
0
2 0 5 
1 3 
0
0
4 0 1 4 3 
4 4 5 3 0 
0
0
1 0 
4 1 4 2 0 
0
0
3 0 5 4 
1 5 
0
1
4 3 5 3 4 
0
4 0 0 3 0 
1 3 
0
2
3 2 4 0 
0
4 0 3 1 1 
4 0 5 0 0 
0
0
2 0 1 
2 3 2 
0
0
1 0 
3 0 1 4 
0
1
1 1 
0
2 0 2 
1 3 
0
0
3 0 5 4 
1 1 
0
0
1 0 
1 0 
0
0
1 0 
2 2 2 
0
0
4 0 4 5 3 
2 1 5 
0
0
3 0 3 2 
4 0 2 4 4 
0
0
1 0 
2 1 3 
0
0
2 0 2 
1 3 
0
0
2 0 1 
3 2 0 4 
0
1
2 5 5 
0
1 0 
3 1 0 4 
0
2
1 4 
0
2 0 3 
2 2 4 
0
0
3 0 1 0 
4 5 4 4 2 
0
0
3 0 5 0 
4 5 1 5 0 
0
0
1 0 
3 2 2 1 
0
0
3 0 5 3 
4 4 3 3 5 
0
0
3 0 5 1 
3 4 4 4 
0
0
4 0 0 3 3 
2 2 3 
0
0
1 0 
4 1 1 0 3 
0
0
3 0 4 3 
1 3 
0
2
2 1 5 
2
3 1 0 2 
0
1 0 
1 0 
0
0
3 0 3 5 
4 1 5 5 0 
0
2
2 0 2 
0
3 0 2 4 
3 0 2 2 
0
0
4 0 5 2 4 
4 4 1 1 0 
0
0
2 0 0 
4 0 1 0 5 
0
0
3 0 5 4 
3 5 2 4 
0
1
4 2 2 5 5 
0
4 0 4 2 0 
4 2 1 3 5 
0
0
4 0 5 2 4 
4 5 2 2 2 
0
0
3 0 4 5 
2 2 2 
0
2
4 1 5 5 0 
0
4 0 2 2 3 
4 5 1 2 5 
0
0
3 0 2 1 
1 0 
0
2
3 4 1 0 
0
1 0 
4 3 2 0 1 
0
0
4 0 3 4 1 
1 3 
0
1
1 2 
0
4 0 1 1 1 
3 5 4 0 
0
0
1 0 
3 4 0 0 
0
0
4 0 0 3 1 
4 3 4 1 4 
0
0
1 0 
3 2 3 0 
0
0
4 0 4 1 3 
2 3 3 
0
0
1 0 
3 4 1 5 
0
0
2 0 3 
1 2 
0
2
4 3 0 4 1 
0
3 0 2 4 
1 4 
0
2
3 3 3 3 
0
2 0 2 
3 1 3 1 
0
0
2 0 5 
4 5 2 4 4 
0
2
4 1 4 3 4 
2
1 5 
2
3 5 0 1 
0
1 0 
2 2 5 
0
0
4 0 1 2 3 
1 2 
0
0
4 0 5 1 5 
4 1 3 2 0 
0
0
3 0 4 1 
4 2 0 5 0 
0
0
3 0 2 3 
3 4 5 5 
0
2
3 0 0 0 
2
3 5 1 2 
0
2 0 1 
3 1 3 1 
0
0
1 0 
3 3 3 1 
0
0
3 0 4 2 
1 0 
0
0
3 0 4 4 
3 1 2 3 
0
0
1 0 
2 3 2 
0
1
1 2 
0
4 0 3 4 5 
2 4 1 
0
0
3 0 0 4 
1 2 
0
1
3 2 4 5 
2
4 1 0 0 5 
1
2 5 2 
0
3 0 2 0 
4 5 0 3 3 
0
0
3 0 3 0 
1 2 
0
2
2 0 0 
2
4 2 1 1 3 
0
1 0 
4 2 0 5 3 
0
2
4 3 2 3 5 
1
3 3 2 4 
1
2 1 0 
2
3 0 5 4 
0
4 0 3 3 1 
2 3 5 
0
2
1 1 
0
1 0 
1 2 
0
1
3 1 3 3 
0
2 0 0 
3 4 5 3 
0
0
4 0 1 3 4 
2 2 4 
0
0
3 0 3 1 
1 5 
0
2
1 3 
0
4 0 0 4 1 
4 5 5 2 2 
0
0
4 0 4 3 3 
3 2 5 1 
0
0
3 0 3 1 
2 3 5 
0
2
3 4 5 0 
1
2 0 3 
0
3 0 1 5 
3 5 1 3 
0
0
2 0 0 
3 3 2 4 
0
0
2 0 1 
4 0 1 4 2 
0
1
3 4 5 1 
0
3 0 1 3 
3 0 3 1 
0
1
4 0 0 0 0 
0
4 0 2 2 4 
2 3 2 
0
0
2 0 5 
4 4 1 2 3 
0
0
3 0 2 3 
1 0 
0
0
4 0 5 1 0 
1 1 
0
0
4 0 4 1 4 
3 1 1 4 
0
0
2 0 3 
4 4 5 2 3 
0
1
1 2 
0
4 0 1 0 0 
4 2 4 2 5 
0
0
3 0 4 2 
4 5 4 5 2 
0
1
3 4 4 1 
2
4 3 0 0 2 
2
2 3 3 
1
3 2 4 4 
2
1 3 
0
1 0 
3 3 2 4 
0
0
3 0 3 4 
4 3 4 0 4 
0
0
3 0 1 3 
4 1 0 5 5 
0
0
1 0 
4 3 1 3 5 
0
1
4 1 2 3 0 
0
2 0 4 
1 3 
0
1
4 1 1 0 0 
0
2 0 3 
4 4 2 1 5 
0
0
2 0 3 
3 4 5 0 
0
0
3 0 4 5 
2 5 4 
0
0
1 0 
1 4 
0
0
1 0 
4 3 1 1 5 
0
0
4 0 4 2 1 
2 5 0 
0
1
3 4 4 4 
2
2 1 5 
0
3 0 5 2 
4 1 2 2 0 
0
0
3 0 3 1 
4 1 3 2 1 
0
0
1 0 
2 1 2 
0
0
4 0 4 3 3 
4 2 3 3 1 
0
0
4 0 1 5 4 
1 2 
0
0
2 0 1 
3 0 5 4 
0
0
3 0 0 4 
4 5 4 1 4 
0
2
2 2 5 
0
1 0 
1 0 
0
2
2 1 2 
0
3 0 5 4 
2 3 4 
0
0
1 0 
1 4 
0
0
4 0 0 1 0 
3 0 5 1 
0
0
1 0 
3 4 1 2 
0
0
2 0 0 
4 3 3 2 2 
0
0
3 0 1 1 
2 0 1 
0
1
2 3 2 
0
1 0 
4 5 1 5 5 
0
0
3 0 3 1 
2 4 3 
0
0
2 0 1 
2 5 3 
0
2
4 1 1 4 0 
0
3 0 1 5 
3 3 3 1 
0
0
4 0 1 3 2 
3 2 3 2 
0
0
1 0 
1 4 
0
0
1 0 
1 2 
0
0
4 0 1 3 4 
4 0 0 0 2 
0
0
2 0 0 
3 1 2 3 
0
2
3 5 5 4 
0
4 0 4 3 5 
4 4 3 0 1 
0
0
4 0 5 5 0 
2 4 2 
0
1
2 3 2 
2
4 4 1 4 1 
0
3 0 2 3 
3 0 0 2 
0
0
1 0 
4 3 2 4 5 
0
0
2 0 5 
2 3 1 
0
2
4 5 3 2 5 
1
3 0 3 4 
0
3 0 1 4 
4 1 5 1 0 
0
1
2 5 1 
2
4 5 1 4 3 
0
4 0 0 1 3 
4 3 2 0 4 
0
0
2 0 2 
3 2 1 2 
0
1
1 2 
2
3 4 1 4 
0
2 0 4 
4 2 0 3 2 
0
2
3 5 4 3 
0
4 0 1 5 5 
2 2 2 
0
0
1 0 
1 2 
0
0
2 0 0 
3 5 2 5 
0
1
4 0 0 1 1 
0
3 0 5 4 
4 3 5 2 0 
0
0
4 0 5 1 3 
3 4 0 5 
0
0
4 0 5 5 1 
1 1 
0
0
1 0 
3 3 5 1 
0
0
2 0 3 
2 1 0 
0
1
3 4 4 0 
1
3 3 0 1 
0
3 0 4 4 
3 2 4 4 
0
0
4 0 0 4 4 
4 2 0 1 2 
0
0
1 0 
2 4 1 
0
0
3 0 3 2 
3 2 2 0 
0
0
3 0 4 4 
2 3 4 
0
0
2 0 0 
2 1 0 
0
1
4 1 5 5 5 
0
2 0 0 
2 0 5 
0
